allNamedHomes:
  c7797be3-898d-3cca-8d09-70e0d7372e6f:
    ironfarm:
      world: leave
      x: 383.235613090572
      y: 63.0
      z: 191.91024852755365
      pitch: 43.06543
      yaw: -129.36673
    spiderfarm:
      world: leave
      x: 458.30000001192093
      y: -2.0
      z: -113.69999998807907
      pitch: -4.81286
      yaw: -33.32849
unknownHomes:
  c7797be3-898d-3cca-8d09-70e0d7372e6f:
    world: leave
    x: 371.3518269018356
    y: 66.0
    z: -67.15911376629612
    pitch: 5.4130225
    yaw: 178.3657
